F-value for bike: [3668.59653571], p-value: [6.4898415e-200]
Multiple Comparison of Means - Tukey HSD, FWER=0.05 
====================================================
group1 group2 meandiff p-adj   lower   upper  reject
----------------------------------------------------
     1      2  -0.0016    1.0 -0.0202   0.017  False
     1      3  -0.0014    1.0   -0.02  0.0172  False
     1      4   0.2393    0.0  0.2207  0.2579   True
     1      5   0.2402    0.0  0.2216  0.2588   True
     1      6    0.238    0.0  0.2194  0.2566   True
     1      7     0.59    0.0  0.5714  0.6086   True
     1      8   0.5872    0.0  0.5686  0.6058   True
     1      9   0.5866    0.0   0.568  0.6052   True
     1     10  -0.0235 0.0018 -0.0421 -0.0049   True
     1     11  -0.0233 0.0021 -0.0419 -0.0047   True
     1     12  -0.0224 0.0042  -0.041 -0.0038   True
     1     13   0.1628    0.0  0.1441  0.1814   True
     1     14   0.1633    0.0  0.1447  0.1819   True
     1     15   0.1635    0.0  0.1449  0.1821   True
     1     16   0.4201    0.0  0.4015  0.4387   True
     1     17   0.4204    0.0  0.4018   0.439   True
     1     18   0.4195    0.0  0.4009  0.4381   True
     2      3   0.0002    1.0 -0.0184  0.0188  False
     2      4   0.2409    0.0  0.2223  0.2595   True
     2      5   0.2418    0.0  0.2232  0.2604   True
     2      6   0.2396    0.0   0.221  0.2582   True
     2      7   0.5916    0.0   0.573  0.6102   True
     2      8   0.5888    0.0  0.5702  0.6074   True
     2      9   0.5882    0.0  0.5696  0.6068   True
     2     10  -0.0219 0.0062 -0.0405 -0.0033   True
     2     11  -0.0217 0.0071 -0.0403 -0.0031   True
     2     12  -0.0207 0.0132 -0.0394 -0.0021   True
     2     13   0.1644    0.0  0.1458   0.183   True
     2     14    0.165    0.0  0.1464  0.1836   True
     2     15   0.1652    0.0  0.1466  0.1838   True
     2     16   0.4217    0.0  0.4031  0.4403   True
     2     17    0.422    0.0  0.4034  0.4406   True
     2     18   0.4212    0.0  0.4026  0.4398   True
     3      4   0.2407    0.0  0.2221  0.2593   True
     3      5   0.2416    0.0   0.223  0.2602   True
     3      6   0.2394    0.0  0.2208   0.258   True
     3      7   0.5914    0.0  0.5728    0.61   True
     3      8   0.5886    0.0    0.57  0.6072   True
     3      9    0.588    0.0  0.5694  0.6066   True
     3     10  -0.0221 0.0052 -0.0407 -0.0035   True
     3     11  -0.0219  0.006 -0.0405 -0.0033   True
     3     12   -0.021 0.0112 -0.0396 -0.0024   True
     3     13   0.1642    0.0  0.1456  0.1828   True
     3     14   0.1647    0.0  0.1461  0.1833   True
     3     15   0.1649    0.0  0.1463  0.1835   True
     3     16   0.4215    0.0  0.4029  0.4401   True
     3     17   0.4218    0.0  0.4032  0.4404   True
     3     18   0.4209    0.0  0.4023  0.4395   True
     4      5   0.0009    1.0 -0.0177  0.0195  False
     4      6  -0.0013    1.0 -0.0199  0.0173  False
     4      7   0.3507    0.0  0.3321  0.3693   True
     4      8   0.3479    0.0  0.3293  0.3665   True
     4      9   0.3473    0.0  0.3287  0.3659   True
     4     10  -0.2628    0.0 -0.2814 -0.2442   True
     4     11  -0.2626    0.0 -0.2812  -0.244   True
     4     12  -0.2617    0.0 -0.2803 -0.2431   True
     4     13  -0.0765    0.0 -0.0951 -0.0579   True
     4     14   -0.076    0.0 -0.0946 -0.0574   True
     4     15  -0.0757    0.0 -0.0944 -0.0571   True
     4     16   0.1808    0.0  0.1622  0.1994   True
     4     17   0.1811    0.0  0.1625  0.1997   True
     4     18   0.1802    0.0  0.1616  0.1989   True
     5      6  -0.0022    1.0 -0.0208  0.0164  False
     5      7   0.3498    0.0  0.3312  0.3684   True
     5      8    0.347    0.0  0.3284  0.3656   True
     5      9   0.3464    0.0  0.3278   0.365   True
     5     10  -0.2637    0.0 -0.2823 -0.2451   True
     5     11  -0.2635    0.0 -0.2821 -0.2449   True
     5     12  -0.2626    0.0 -0.2812  -0.244   True
     5     13  -0.0774    0.0  -0.096 -0.0588   True
     5     14  -0.0768    0.0 -0.0955 -0.0582   True
     5     15  -0.0766    0.0 -0.0952  -0.058   True
     5     16   0.1799    0.0  0.1613  0.1985   True
     5     17   0.1802    0.0  0.1616  0.1988   True
     5     18   0.1794    0.0  0.1608   0.198   True
     6      7    0.352    0.0  0.3334  0.3706   True
     6      8   0.3492    0.0  0.3306  0.3678   True
     6      9   0.3486    0.0    0.33  0.3672   True
     6     10  -0.2615    0.0 -0.2801 -0.2429   True
     6     11  -0.2613    0.0 -0.2799 -0.2427   True
     6     12  -0.2604    0.0  -0.279 -0.2417   True
     6     13  -0.0752    0.0 -0.0938 -0.0566   True
     6     14  -0.0746    0.0 -0.0933  -0.056   True
     6     15  -0.0744    0.0  -0.093 -0.0558   True
     6     16   0.1821    0.0  0.1635  0.2007   True
     6     17   0.1824    0.0  0.1638   0.201   True
     6     18   0.1816    0.0   0.163  0.2002   True
     7      8  -0.0028    1.0 -0.0214  0.0158  False
     7      9  -0.0034    1.0  -0.022  0.0152  False
     7     10  -0.6135    0.0 -0.6321 -0.5949   True
     7     11  -0.6133    0.0 -0.6319 -0.5947   True
     7     12  -0.6124    0.0  -0.631 -0.5938   True
     7     13  -0.4272    0.0 -0.4458 -0.4086   True
     7     14  -0.4267    0.0 -0.4453 -0.4081   True
     7     15  -0.4265    0.0 -0.4451 -0.4079   True
     7     16  -0.1699    0.0 -0.1885 -0.1513   True
     7     17  -0.1696    0.0 -0.1882  -0.151   True
     7     18  -0.1705    0.0 -0.1891 -0.1519   True
     8      9  -0.0006    1.0 -0.0192   0.018  False
     8     10  -0.6107    0.0 -0.6293 -0.5921   True
     8     11  -0.6105    0.0 -0.6291 -0.5919   True
     8     12  -0.6096    0.0 -0.6282 -0.5909   True
     8     13  -0.4244    0.0  -0.443 -0.4058   True
     8     14  -0.4238    0.0 -0.4425 -0.4052   True
     8     15  -0.4236    0.0 -0.4422  -0.405   True
     8     16  -0.1671    0.0 -0.1857 -0.1485   True
     8     17  -0.1668    0.0 -0.1854 -0.1482   True
     8     18  -0.1676    0.0 -0.1862  -0.149   True
     9     10  -0.6101    0.0 -0.6287 -0.5915   True
     9     11  -0.6099    0.0 -0.6285 -0.5913   True
     9     12   -0.609    0.0 -0.6276 -0.5904   True
     9     13  -0.4238    0.0 -0.4424 -0.4052   True
     9     14  -0.4233    0.0 -0.4419 -0.4047   True
     9     15  -0.4231    0.0 -0.4417 -0.4044   True
     9     16  -0.1665    0.0 -0.1851 -0.1479   True
     9     17  -0.1662    0.0 -0.1848 -0.1476   True
     9     18  -0.1671    0.0 -0.1857 -0.1484   True
    10     11   0.0002    1.0 -0.0184  0.0188  False
    10     12   0.0011    1.0 -0.0175  0.0197  False
    10     13   0.1863    0.0  0.1677  0.2049   True
    10     14   0.1868    0.0  0.1682  0.2054   True
    10     15    0.187    0.0  0.1684  0.2056   True
    10     16   0.4436    0.0   0.425  0.4622   True
    10     17   0.4439    0.0  0.4253  0.4625   True
    10     18    0.443    0.0  0.4244  0.4616   True
    11     12   0.0009    1.0 -0.0177  0.0195  False
    11     13   0.1861    0.0  0.1675  0.2047   True
    11     14   0.1866    0.0   0.168  0.2052   True
    11     15   0.1868    0.0  0.1682  0.2054   True
    11     16   0.4434    0.0  0.4248   0.462   True
    11     17   0.4437    0.0  0.4251  0.4623   True
    11     18   0.4428    0.0  0.4242  0.4614   True
    12     13   0.1851    0.0  0.1665  0.2038   True
    12     14   0.1857    0.0  0.1671  0.2043   True
    12     15   0.1859    0.0  0.1673  0.2045   True
    12     16   0.4424    0.0  0.4238  0.4611   True
    12     17   0.4428    0.0  0.4242  0.4614   True
    12     18   0.4419    0.0  0.4233  0.4605   True
    13     14   0.0006    1.0  -0.018  0.0192  False
    13     15   0.0008    1.0 -0.0178  0.0194  False
    13     16   0.2573    0.0  0.2387  0.2759   True
    13     17   0.2576    0.0   0.239  0.2762   True
    13     18   0.2568    0.0  0.2382  0.2754   True
    14     15   0.0002    1.0 -0.0184  0.0188  False
    14     16   0.2567    0.0  0.2381  0.2753   True
    14     17   0.2571    0.0  0.2385  0.2757   True
    14     18   0.2562    0.0  0.2376  0.2748   True
    15     16   0.2565    0.0  0.2379  0.2751   True
    15     17   0.2569    0.0  0.2383  0.2755   True
    15     18    0.256    0.0  0.2374  0.2746   True
    16     17   0.0003    1.0 -0.0183  0.0189  False
    16     18  -0.0005    1.0 -0.0191  0.0181  False
    17     18  -0.0009    1.0 -0.0195  0.0177  False
----------------------------------------------------

F-value for keggdirected: [432.30173686], p-value: [2.1494642e-114]
Multiple Comparison of Means - Tukey HSD, FWER=0.05 
====================================================
group1 group2 meandiff p-adj   lower   upper  reject
----------------------------------------------------
     1      2   0.0002    1.0 -0.0055  0.0058  False
     1      3   0.0005    1.0 -0.0052  0.0061  False
     1      4   0.0192    0.0  0.0136  0.0249   True
     1      5   0.0194    0.0  0.0137   0.025   True
     1      6     0.02    0.0  0.0144  0.0257   True
     1      7   0.0633    0.0  0.0576  0.0689   True
     1      8   0.0621    0.0  0.0565  0.0678   True
     1      9    0.063    0.0  0.0573  0.0686   True
     1     10   -0.003 0.9052 -0.0087  0.0026  False
     1     11   -0.003 0.9043 -0.0087  0.0026  False
     1     12   -0.003  0.902 -0.0087  0.0026  False
     1     13   0.0098    0.0  0.0042  0.0155   True
     1     14   0.0091    0.0  0.0034  0.0147   True
     1     15   0.0095    0.0  0.0038  0.0151   True
     1     16   0.0348    0.0  0.0292  0.0405   True
     1     17   0.0367    0.0   0.031  0.0423   True
     1     18   0.0349    0.0  0.0293  0.0406   True
     2      3   0.0003    1.0 -0.0053   0.006  False
     2      4   0.0191    0.0  0.0134  0.0247   True
     2      5   0.0192    0.0  0.0136  0.0249   True
     2      6   0.0199    0.0  0.0142  0.0255   True
     2      7   0.0631    0.0  0.0574  0.0687   True
     2      8   0.0619    0.0  0.0563  0.0676   True
     2      9   0.0628    0.0  0.0572  0.0685   True
     2     10  -0.0032 0.8631 -0.0088  0.0025  False
     2     11  -0.0032 0.8618 -0.0088  0.0025  False
     2     12  -0.0032 0.8589 -0.0089  0.0025  False
     2     13   0.0097    0.0   0.004  0.0153   True
     2     14   0.0089    0.0  0.0032  0.0146   True
     2     15   0.0093    0.0  0.0037   0.015   True
     2     16   0.0347    0.0   0.029  0.0403   True
     2     17   0.0365    0.0  0.0309  0.0422   True
     2     18   0.0348    0.0  0.0291  0.0404   True
     3      4   0.0188    0.0  0.0131  0.0244   True
     3      5   0.0189    0.0  0.0132  0.0246   True
     3      6   0.0195    0.0  0.0139  0.0252   True
     3      7   0.0628    0.0  0.0571  0.0684   True
     3      8   0.0616    0.0   0.056  0.0673   True
     3      9   0.0625    0.0  0.0569  0.0682   True
     3     10  -0.0035 0.7516 -0.0092  0.0022  False
     3     11  -0.0035   0.75 -0.0092  0.0022  False
     3     12  -0.0035  0.746 -0.0092  0.0021  False
     3     13   0.0094    0.0  0.0037   0.015   True
     3     14   0.0086    0.0  0.0029  0.0142   True
     3     15    0.009    0.0  0.0034  0.0147   True
     3     16   0.0344    0.0  0.0287    0.04   True
     3     17   0.0362    0.0  0.0305  0.0419   True
     3     18   0.0345    0.0  0.0288  0.0401   True
     4      5   0.0001    1.0 -0.0055  0.0058  False
     4      6   0.0008    1.0 -0.0049  0.0064  False
     4      7    0.044    0.0  0.0384  0.0497   True
     4      8   0.0429    0.0  0.0372  0.0485   True
     4      9   0.0437    0.0  0.0381  0.0494   True
     4     10  -0.0223    0.0 -0.0279 -0.0166   True
     4     11  -0.0223    0.0 -0.0279 -0.0166   True
     4     12  -0.0223    0.0 -0.0279 -0.0166   True
     4     13  -0.0094    0.0  -0.015 -0.0037   True
     4     14  -0.0102    0.0 -0.0158 -0.0045   True
     4     15  -0.0097    0.0 -0.0154 -0.0041   True
     4     16   0.0156    0.0  0.0099  0.0213   True
     4     17   0.0174    0.0  0.0118  0.0231   True
     4     18   0.0157    0.0    0.01  0.0213   True
     5      6   0.0006    1.0  -0.005  0.0063  False
     5      7   0.0439    0.0  0.0382  0.0495   True
     5      8   0.0427    0.0  0.0371  0.0484   True
     5      9   0.0436    0.0   0.038  0.0493   True
     5     10  -0.0224    0.0  -0.028 -0.0167   True
     5     11  -0.0224    0.0 -0.0281 -0.0167   True
     5     12  -0.0224    0.0 -0.0281 -0.0168   True
     5     13  -0.0095    0.0 -0.0152 -0.0039   True
     5     14  -0.0103    0.0  -0.016 -0.0047   True
     5     15  -0.0099    0.0 -0.0155 -0.0042   True
     5     16   0.0155    0.0  0.0098  0.0211   True
     5     17   0.0173    0.0  0.0116   0.023   True
     5     18   0.0156    0.0  0.0099  0.0212   True
     6      7   0.0432    0.0  0.0376  0.0489   True
     6      8   0.0421    0.0  0.0364  0.0477   True
     6      9    0.043    0.0  0.0373  0.0486   True
     6     10   -0.023    0.0 -0.0287 -0.0174   True
     6     11   -0.023    0.0 -0.0287 -0.0174   True
     6     12  -0.0231    0.0 -0.0287 -0.0174   True
     6     13  -0.0102    0.0 -0.0158 -0.0045   True
     6     14   -0.011    0.0 -0.0166 -0.0053   True
     6     15  -0.0105    0.0 -0.0162 -0.0049   True
     6     16   0.0148    0.0  0.0092  0.0205   True
     6     17   0.0167    0.0   0.011  0.0223   True
     6     18   0.0149    0.0  0.0093  0.0206   True
     7      8  -0.0011    1.0 -0.0068  0.0045  False
     7      9  -0.0003    1.0 -0.0059  0.0054  False
     7     10  -0.0663    0.0 -0.0719 -0.0606   True
     7     11  -0.0663    0.0 -0.0719 -0.0606   True
     7     12  -0.0663    0.0 -0.0719 -0.0606   True
     7     13  -0.0534    0.0 -0.0591 -0.0478   True
     7     14  -0.0542    0.0 -0.0599 -0.0485   True
     7     15  -0.0538    0.0 -0.0594 -0.0481   True
     7     16  -0.0284    0.0 -0.0341 -0.0228   True
     7     17  -0.0266    0.0 -0.0322 -0.0209   True
     7     18  -0.0283    0.0  -0.034 -0.0227   True
     8      9   0.0009    1.0 -0.0048  0.0065  False
     8     10  -0.0651    0.0 -0.0708 -0.0595   True
     8     11  -0.0651    0.0 -0.0708 -0.0595   True
     8     12  -0.0651    0.0 -0.0708 -0.0595   True
     8     13  -0.0523    0.0 -0.0579 -0.0466   True
     8     14  -0.0531    0.0 -0.0587 -0.0474   True
     8     15  -0.0526    0.0 -0.0583  -0.047   True
     8     16  -0.0273    0.0 -0.0329 -0.0216   True
     8     17  -0.0254    0.0 -0.0311 -0.0198   True
     8     18  -0.0272    0.0 -0.0328 -0.0215   True
     9     10   -0.066    0.0 -0.0717 -0.0604   True
     9     11   -0.066    0.0 -0.0717 -0.0604   True
     9     12   -0.066    0.0 -0.0717 -0.0604   True
     9     13  -0.0531    0.0 -0.0588 -0.0475   True
     9     14  -0.0539    0.0 -0.0596 -0.0483   True
     9     15  -0.0535    0.0 -0.0591 -0.0478   True
     9     16  -0.0281    0.0 -0.0338 -0.0225   True
     9     17  -0.0263    0.0  -0.032 -0.0207   True
     9     18  -0.0281    0.0 -0.0337 -0.0224   True
    10     11     -0.0    1.0 -0.0057  0.0056  False
    10     12     -0.0    1.0 -0.0057  0.0056  False
    10     13   0.0129    0.0  0.0072  0.0185   True
    10     14   0.0121    0.0  0.0064  0.0177   True
    10     15   0.0125    0.0  0.0069  0.0182   True
    10     16   0.0379    0.0  0.0322  0.0435   True
    10     17   0.0397    0.0   0.034  0.0453   True
    10     18   0.0379    0.0  0.0323  0.0436   True
    11     12     -0.0    1.0 -0.0057  0.0056  False
    11     13   0.0129    0.0  0.0072  0.0185   True
    11     14   0.0121    0.0  0.0064  0.0177   True
    11     15   0.0125    0.0  0.0069  0.0182   True
    11     16   0.0379    0.0  0.0322  0.0435   True
    11     17   0.0397    0.0   0.034  0.0454   True
    11     18    0.038    0.0  0.0323  0.0436   True
    12     13   0.0129    0.0  0.0072  0.0185   True
    12     14   0.0121    0.0  0.0064  0.0178   True
    12     15   0.0125    0.0  0.0069  0.0182   True
    12     16   0.0379    0.0  0.0322  0.0435   True
    12     17   0.0397    0.0  0.0341  0.0454   True
    12     18    0.038    0.0  0.0323  0.0436   True
    13     14  -0.0008    1.0 -0.0064  0.0049  False
    13     15  -0.0004    1.0  -0.006  0.0053  False
    13     16    0.025    0.0  0.0193  0.0306   True
    13     17   0.0268    0.0  0.0212  0.0325   True
    13     18   0.0251    0.0  0.0194  0.0307   True
    14     15   0.0004    1.0 -0.0052  0.0061  False
    14     16   0.0258    0.0  0.0201  0.0314   True
    14     17   0.0276    0.0   0.022  0.0333   True
    14     18   0.0259    0.0  0.0202  0.0315   True
    15     16   0.0253    0.0  0.0197   0.031   True
    15     17   0.0272    0.0  0.0215  0.0328   True
    15     18   0.0254    0.0  0.0198  0.0311   True
    16     17   0.0018 0.9995 -0.0038  0.0075  False
    16     18   0.0001    1.0 -0.0056  0.0057  False
    17     18  -0.0017 0.9997 -0.0074  0.0039  False
----------------------------------------------------

F-value for kin40k: [1510.14892322], p-value: [7.83810549e-169]
Multiple Comparison of Means - Tukey HSD, FWER=0.05 
====================================================
group1 group2 meandiff p-adj   lower   upper  reject
----------------------------------------------------
     1      2  -0.0011    1.0  -0.021  0.0189  False
     1      3  -0.0031    1.0 -0.0231  0.0168  False
     1      4    0.115    0.0  0.0951   0.135   True
     1      5   0.1144    0.0  0.0944  0.1344   True
     1      6   0.1121    0.0  0.0922  0.1321   True
     1      7   0.2536    0.0  0.2336  0.2735   True
     1      8   0.2523    0.0  0.2323  0.2723   True
     1      9   0.2531    0.0  0.2331  0.2731   True
     1     10  -0.1768    0.0 -0.1968 -0.1569   True
     1     11  -0.1773    0.0 -0.1973 -0.1574   True
     1     12  -0.1758    0.0 -0.1958 -0.1558   True
     1     13  -0.1535    0.0 -0.1734 -0.1335   True
     1     14  -0.1538    0.0 -0.1738 -0.1339   True
     1     15  -0.1527    0.0 -0.1726 -0.1327   True
     1     16  -0.0644    0.0 -0.0844 -0.0444   True
     1     17  -0.0649    0.0 -0.0849 -0.0449   True
     1     18  -0.0638    0.0 -0.0837 -0.0438   True
     2      3  -0.0021    1.0  -0.022  0.0179  False
     2      4   0.1161    0.0  0.0961  0.1361   True
     2      5   0.1155    0.0  0.0955  0.1354   True
     2      6   0.1132    0.0  0.0933  0.1332   True
     2      7   0.2546    0.0  0.2347  0.2746   True
     2      8   0.2534    0.0  0.2334  0.2733   True
     2      9   0.2542    0.0  0.2342  0.2741   True
     2     10  -0.1758    0.0 -0.1957 -0.1558   True
     2     11  -0.1763    0.0 -0.1962 -0.1563   True
     2     12  -0.1747    0.0 -0.1947 -0.1548   True
     2     13  -0.1524    0.0 -0.1724 -0.1324   True
     2     14  -0.1528    0.0 -0.1727 -0.1328   True
     2     15  -0.1516    0.0 -0.1715 -0.1316   True
     2     16  -0.0633    0.0 -0.0833 -0.0433   True
     2     17  -0.0638    0.0 -0.0838 -0.0438   True
     2     18  -0.0627    0.0 -0.0827 -0.0427   True
     3      4   0.1182    0.0  0.0982  0.1381   True
     3      5   0.1175    0.0  0.0976  0.1375   True
     3      6   0.1153    0.0  0.0953  0.1353   True
     3      7   0.2567    0.0  0.2367  0.2767   True
     3      8   0.2554    0.0  0.2355  0.2754   True
     3      9   0.2562    0.0  0.2363  0.2762   True
     3     10  -0.1737    0.0 -0.1937 -0.1537   True
     3     11  -0.1742    0.0 -0.1942 -0.1542   True
     3     12  -0.1727    0.0 -0.1926 -0.1527   True
     3     13  -0.1503    0.0 -0.1703 -0.1303   True
     3     14  -0.1507    0.0 -0.1707 -0.1307   True
     3     15  -0.1495    0.0 -0.1695 -0.1295   True
     3     16  -0.0612    0.0 -0.0812 -0.0413   True
     3     17  -0.0617    0.0 -0.0817 -0.0418   True
     3     18  -0.0606    0.0 -0.0806 -0.0407   True
     4      5  -0.0006    1.0 -0.0206  0.0193  False
     4      6  -0.0029    1.0 -0.0229  0.0171  False
     4      7   0.1385    0.0  0.1186  0.1585   True
     4      8   0.1373    0.0  0.1173  0.1572   True
     4      9   0.1381    0.0  0.1181   0.158   True
     4     10  -0.2919    0.0 -0.3118 -0.2719   True
     4     11  -0.2924    0.0 -0.3123 -0.2724   True
     4     12  -0.2908    0.0 -0.3108 -0.2709   True
     4     13  -0.2685    0.0 -0.2885 -0.2485   True
     4     14  -0.2689    0.0 -0.2888 -0.2489   True
     4     15  -0.2677    0.0 -0.2877 -0.2477   True
     4     16  -0.1794    0.0 -0.1994 -0.1595   True
     4     17  -0.1799    0.0 -0.1999 -0.1599   True
     4     18  -0.1788    0.0 -0.1988 -0.1588   True
     5      6  -0.0023    1.0 -0.0222  0.0177  False
     5      7   0.1392    0.0  0.1192  0.1591   True
     5      8   0.1379    0.0  0.1179  0.1579   True
     5      9   0.1387    0.0  0.1187  0.1587   True
     5     10  -0.2912    0.0 -0.3112 -0.2713   True
     5     11  -0.2917    0.0 -0.3117 -0.2718   True
     5     12  -0.2902    0.0 -0.3102 -0.2702   True
     5     13  -0.2679    0.0 -0.2878 -0.2479   True
     5     14  -0.2682    0.0 -0.2882 -0.2483   True
     5     15   -0.267    0.0  -0.287 -0.2471   True
     5     16  -0.1788    0.0 -0.1988 -0.1588   True
     5     17  -0.1793    0.0 -0.1993 -0.1593   True
     5     18  -0.1782    0.0 -0.1981 -0.1582   True
     6      7   0.1414    0.0  0.1214  0.1614   True
     6      8   0.1401    0.0  0.1202  0.1601   True
     6      9   0.1409    0.0   0.121  0.1609   True
     6     10   -0.289    0.0 -0.3089  -0.269   True
     6     11  -0.2895    0.0 -0.3095 -0.2695   True
     6     12   -0.288    0.0 -0.3079  -0.268   True
     6     13  -0.2656    0.0 -0.2856 -0.2456   True
     6     14   -0.266    0.0 -0.2859  -0.246   True
     6     15  -0.2648    0.0 -0.2848 -0.2448   True
     6     16  -0.1765    0.0 -0.1965 -0.1566   True
     6     17   -0.177    0.0  -0.197 -0.1571   True
     6     18  -0.1759    0.0 -0.1959 -0.1559   True
     7      8  -0.0013    1.0 -0.0212  0.0187  False
     7      9  -0.0005    1.0 -0.0204  0.0195  False
     7     10  -0.4304    0.0 -0.4504 -0.4104   True
     7     11  -0.4309    0.0 -0.4509 -0.4109   True
     7     12  -0.4294    0.0 -0.4493 -0.4094   True
     7     13   -0.407    0.0  -0.427 -0.3871   True
     7     14  -0.4074    0.0 -0.4274 -0.3874   True
     7     15  -0.4062    0.0 -0.4262 -0.3862   True
     7     16   -0.318    0.0 -0.3379  -0.298   True
     7     17  -0.3184    0.0 -0.3384 -0.2985   True
     7     18  -0.3173    0.0 -0.3373 -0.2974   True
     8      9   0.0008    1.0 -0.0192  0.0208  False
     8     10  -0.4291    0.0 -0.4491 -0.4092   True
     8     11  -0.4296    0.0 -0.4496 -0.4097   True
     8     12  -0.4281    0.0 -0.4481 -0.4081   True
     8     13  -0.4058    0.0 -0.4257 -0.3858   True
     8     14  -0.4061    0.0 -0.4261 -0.3862   True
     8     15  -0.4049    0.0 -0.4249  -0.385   True
     8     16  -0.3167    0.0 -0.3367 -0.2967   True
     8     17  -0.3172    0.0 -0.3371 -0.2972   True
     8     18  -0.3161    0.0  -0.336 -0.2961   True
     9     10  -0.4299    0.0 -0.4499 -0.4099   True
     9     11  -0.4304    0.0 -0.4504 -0.4105   True
     9     12  -0.4289    0.0 -0.4489 -0.4089   True
     9     13  -0.4065    0.0 -0.4265 -0.3866   True
     9     14  -0.4069    0.0 -0.4269 -0.3869   True
     9     15  -0.4057    0.0 -0.4257 -0.3858   True
     9     16  -0.3175    0.0 -0.3374 -0.2975   True
     9     17   -0.318    0.0 -0.3379  -0.298   True
     9     18  -0.3168    0.0 -0.3368 -0.2969   True
    10     11  -0.0005    1.0 -0.0205  0.0195  False
    10     12    0.001    1.0  -0.019   0.021  False
    10     13   0.0234 0.0065  0.0034  0.0433   True
    10     14    0.023 0.0084   0.003   0.043   True
    10     15   0.0242 0.0038  0.0042  0.0441   True
    10     16   0.1124    0.0  0.0925  0.1324   True
    10     17   0.1119    0.0   0.092  0.1319   True
    10     18   0.1131    0.0  0.0931   0.133   True
    11     12   0.0015    1.0 -0.0184  0.0215  False
    11     13   0.0239 0.0047  0.0039  0.0439   True
    11     14   0.0235  0.006  0.0035  0.0435   True
    11     15   0.0247 0.0027  0.0047  0.0447   True
    11     16    0.113    0.0   0.093  0.1329   True
    11     17   0.1125    0.0  0.0925  0.1324   True
    11     18   0.1136    0.0  0.0936  0.1335   True
    12     13   0.0224 0.0125  0.0024  0.0423   True
    12     14    0.022 0.0158   0.002  0.0419   True
    12     15   0.0232 0.0075  0.0032  0.0431   True
    12     16   0.1114    0.0  0.0915  0.1314   True
    12     17   0.1109    0.0   0.091  0.1309   True
    12     18   0.1121    0.0  0.0921   0.132   True
    13     14  -0.0004    1.0 -0.0203  0.0196  False
    13     15   0.0008    1.0 -0.0192  0.0208  False
    13     16   0.0891    0.0  0.0691   0.109   True
    13     17   0.0886    0.0  0.0686  0.1085   True
    13     18   0.0897    0.0  0.0697  0.1097   True
    14     15   0.0012    1.0 -0.0188  0.0212  False
    14     16   0.0894    0.0  0.0695  0.1094   True
    14     17   0.0889    0.0   0.069  0.1089   True
    14     18   0.0901    0.0  0.0701    0.11   True
    15     16   0.0883    0.0  0.0683  0.1082   True
    15     17   0.0878    0.0  0.0678  0.1077   True
    15     18   0.0889    0.0  0.0689  0.1089   True
    16     17  -0.0005    1.0 -0.0205  0.0195  False
    16     18   0.0006    1.0 -0.0193  0.0206  False
    17     18   0.0011    1.0 -0.0188  0.0211  False
----------------------------------------------------

F-value for parkinsons: [2264.7955114], p-value: [5.22122589e-183]
Multiple Comparison of Means - Tukey HSD, FWER=0.05 
====================================================
group1 group2 meandiff p-adj   lower   upper  reject
----------------------------------------------------
     1      2  -0.0019    1.0 -0.0306  0.0267  False
     1      3   0.0147 0.9336 -0.0139  0.0434  False
     1      4   0.4233    0.0  0.3946  0.4519   True
     1      5   0.4208    0.0  0.3921  0.4494   True
     1      6   0.4181    0.0  0.3895  0.4468   True
     1      7   0.5352    0.0  0.5066  0.5638   True
     1      8   0.5336    0.0   0.505  0.5622   True
     1      9   0.5317    0.0   0.503  0.5603   True
     1     10  -0.2238    0.0 -0.2525 -0.1952   True
     1     11  -0.2256    0.0 -0.2543  -0.197   True
     1     12  -0.2316    0.0 -0.2602  -0.203   True
     1     13   0.2082    0.0  0.1795  0.2368   True
     1     14   0.2058    0.0  0.1771  0.2344   True
     1     15   0.2043    0.0  0.1757  0.2329   True
     1     16   0.4039    0.0  0.3752  0.4325   True
     1     17   0.4024    0.0  0.3737   0.431   True
     1     18   0.4005    0.0  0.3719  0.4291   True
     2      3   0.0167 0.8324  -0.012  0.0453  False
     2      4   0.4252    0.0  0.3966  0.4539   True
     2      5   0.4227    0.0  0.3941  0.4514   True
     2      6   0.4201    0.0  0.3914  0.4487   True
     2      7   0.5371    0.0  0.5085  0.5658   True
     2      8   0.5355    0.0  0.5069  0.5642   True
     2      9   0.5336    0.0   0.505  0.5622   True
     2     10  -0.2219    0.0 -0.2505 -0.1933   True
     2     11  -0.2237    0.0 -0.2523 -0.1951   True
     2     12  -0.2297    0.0 -0.2583  -0.201   True
     2     13   0.2101    0.0  0.1815  0.2387   True
     2     14   0.2077    0.0  0.1791  0.2363   True
     2     15   0.2062    0.0  0.1776  0.2349   True
     2     16   0.4058    0.0  0.3772  0.4344   True
     2     17   0.4043    0.0  0.3757  0.4329   True
     2     18   0.4024    0.0  0.3738  0.4311   True
     3      4   0.4086    0.0  0.3799  0.4372   True
     3      5   0.4061    0.0  0.3774  0.4347   True
     3      6   0.4034    0.0  0.3748   0.432   True
     3      7   0.5205    0.0  0.4919  0.5491   True
     3      8   0.5189    0.0  0.4902  0.5475   True
     3      9   0.5169    0.0  0.4883  0.5456   True
     3     10  -0.2386    0.0 -0.2672 -0.2099   True
     3     11  -0.2404    0.0  -0.269 -0.2117   True
     3     12  -0.2463    0.0  -0.275 -0.2177   True
     3     13   0.1934    0.0  0.1648  0.2221   True
     3     14    0.191    0.0  0.1624  0.2197   True
     3     15   0.1896    0.0  0.1609  0.2182   True
     3     16   0.3891    0.0  0.3605  0.4178   True
     3     17   0.3876    0.0   0.359  0.4163   True
     3     18   0.3858    0.0  0.3571  0.4144   True
     4      5  -0.0025    1.0 -0.0311  0.0261  False
     4      6  -0.0051    1.0 -0.0338  0.0235  False
     4      7   0.1119    0.0  0.0833  0.1406   True
     4      8   0.1103    0.0  0.0817  0.1389   True
     4      9   0.1084    0.0  0.0797   0.137   True
     4     10  -0.6471    0.0 -0.6757 -0.6185   True
     4     11  -0.6489    0.0 -0.6775 -0.6203   True
     4     12  -0.6549    0.0 -0.6835 -0.6263   True
     4     13  -0.2151    0.0 -0.2438 -0.1865   True
     4     14  -0.2175    0.0 -0.2461 -0.1889   True
     4     15   -0.219    0.0 -0.2476 -0.1904   True
     4     16  -0.0194 0.6048 -0.0481  0.0092  False
     4     17  -0.0209 0.4666 -0.0496  0.0077  False
     4     18  -0.0228 0.3093 -0.0514  0.0058  False
     5      6  -0.0026    1.0 -0.0313   0.026  False
     5      7   0.1144    0.0  0.0858  0.1431   True
     5      8   0.1128    0.0  0.0842  0.1414   True
     5      9   0.1109    0.0  0.0822  0.1395   True
     5     10  -0.6446    0.0 -0.6732  -0.616   True
     5     11  -0.6464    0.0  -0.675 -0.6178   True
     5     12  -0.6524    0.0  -0.681 -0.6238   True
     5     13  -0.2126    0.0 -0.2413  -0.184   True
     5     14   -0.215    0.0 -0.2436 -0.1864   True
     5     15  -0.2165    0.0 -0.2451 -0.1879   True
     5     16  -0.0169 0.8146 -0.0456  0.0117  False
     5     17  -0.0184 0.6953 -0.0471  0.0102  False
     5     18  -0.0203 0.5237 -0.0489  0.0083  False
     6      7   0.1171    0.0  0.0884  0.1457   True
     6      8   0.1155    0.0  0.0868  0.1441   True
     6      9   0.1135    0.0  0.0849  0.1422   True
     6     10   -0.642    0.0 -0.6706 -0.6133   True
     6     11  -0.6438    0.0 -0.6724 -0.6151   True
     6     12  -0.6497    0.0 -0.6784 -0.6211   True
     6     13    -0.21    0.0 -0.2386 -0.1813   True
     6     14  -0.2124    0.0  -0.241 -0.1837   True
     6     15  -0.2138    0.0 -0.2425 -0.1852   True
     6     16  -0.0143  0.949 -0.0429  0.0144  False
     6     17  -0.0158 0.8862 -0.0444  0.0129  False
     6     18  -0.0176   0.76 -0.0463   0.011  False
     7      8  -0.0016    1.0 -0.0303   0.027  False
     7      9  -0.0036    1.0 -0.0322  0.0251  False
     7     10   -0.759    0.0 -0.7877 -0.7304   True
     7     11  -0.7608    0.0 -0.7895 -0.7322   True
     7     12  -0.7668    0.0 -0.7955 -0.7382   True
     7     13  -0.3271    0.0 -0.3557 -0.2984   True
     7     14  -0.3294    0.0 -0.3581 -0.3008   True
     7     15  -0.3309    0.0 -0.3596 -0.3023   True
     7     16  -0.1314    0.0   -0.16 -0.1027   True
     7     17  -0.1328    0.0 -0.1615 -0.1042   True
     7     18  -0.1347    0.0 -0.1634 -0.1061   True
     8      9  -0.0019    1.0 -0.0306  0.0267  False
     8     10  -0.7574    0.0  -0.786 -0.7288   True
     8     11  -0.7592    0.0 -0.7879 -0.7306   True
     8     12  -0.7652    0.0 -0.7938 -0.7366   True
     8     13  -0.3254    0.0 -0.3541 -0.2968   True
     8     14  -0.3278    0.0 -0.3565 -0.2992   True
     8     15  -0.3293    0.0 -0.3579 -0.3007   True
     8     16  -0.1297    0.0 -0.1584 -0.1011   True
     8     17  -0.1312    0.0 -0.1599 -0.1026   True
     8     18  -0.1331    0.0 -0.1617 -0.1045   True
     9     10  -0.7555    0.0 -0.7841 -0.7268   True
     9     11  -0.7573    0.0 -0.7859 -0.7286   True
     9     12  -0.7633    0.0 -0.7919 -0.7346   True
     9     13  -0.3235    0.0 -0.3521 -0.2949   True
     9     14  -0.3259    0.0 -0.3545 -0.2973   True
     9     15  -0.3274    0.0  -0.356 -0.2987   True
     9     16  -0.1278    0.0 -0.1564 -0.0992   True
     9     17  -0.1293    0.0 -0.1579 -0.1007   True
     9     18  -0.1312    0.0 -0.1598 -0.1025   True
    10     11  -0.0018    1.0 -0.0304  0.0268  False
    10     12  -0.0078    1.0 -0.0364  0.0208  False
    10     13    0.432    0.0  0.4033  0.4606   True
    10     14   0.4296    0.0   0.401  0.4582   True
    10     15   0.4281    0.0  0.3995  0.4567   True
    10     16   0.6277    0.0  0.5991  0.6563   True
    10     17   0.6262    0.0  0.5976  0.6548   True
    10     18   0.6243    0.0  0.5957  0.6529   True
    11     12   -0.006    1.0 -0.0346  0.0226  False
    11     13   0.4338    0.0  0.4052  0.4624   True
    11     14   0.4314    0.0  0.4028    0.46   True
    11     15   0.4299    0.0  0.4013  0.4585   True
    11     16   0.6295    0.0  0.6009  0.6581   True
    11     17    0.628    0.0  0.5994  0.6566   True
    11     18   0.6261    0.0  0.5975  0.6547   True
    12     13   0.4398    0.0  0.4111  0.4684   True
    12     14   0.4374    0.0  0.4087   0.466   True
    12     15   0.4359    0.0  0.4073  0.4645   True
    12     16   0.6355    0.0  0.6068  0.6641   True
    12     17    0.634    0.0  0.6053  0.6626   True
    12     18   0.6321    0.0  0.6035  0.6607   True
    13     14  -0.0024    1.0  -0.031  0.0262  False
    13     15  -0.0039    1.0 -0.0325  0.0248  False
    13     16   0.1957    0.0  0.1671  0.2243   True
    13     17   0.1942    0.0  0.1656  0.2228   True
    13     18   0.1923    0.0  0.1637   0.221   True
    14     15  -0.0015    1.0 -0.0301  0.0272  False
    14     16   0.1981    0.0  0.1695  0.2267   True
    14     17   0.1966    0.0   0.168  0.2252   True
    14     18   0.1947    0.0  0.1661  0.2233   True
    15     16   0.1996    0.0  0.1709  0.2282   True
    15     17   0.1981    0.0  0.1694  0.2267   True
    15     18   0.1962    0.0  0.1676  0.2248   True
    16     17  -0.0015    1.0 -0.0301  0.0271  False
    16     18  -0.0034    1.0  -0.032  0.0253  False
    17     18  -0.0019    1.0 -0.0305  0.0268  False
----------------------------------------------------

F-value for pol: [3549.30177079], p-value: [9.37151658e-199]
Multiple Comparison of Means - Tukey HSD, FWER=0.05 
====================================================
group1 group2 meandiff p-adj   lower   upper  reject
----------------------------------------------------
     1      2   0.0007    1.0 -0.0124  0.0137  False
     1      3   0.0048 0.9977 -0.0082  0.0179  False
     1      4   0.1918    0.0  0.1788  0.2048   True
     1      5   0.1903    0.0  0.1773  0.2033   True
     1      6   0.1914    0.0  0.1783  0.2044   True
     1      7   0.3948    0.0  0.3818  0.4078   True
     1      8   0.4005    0.0  0.3874  0.4135   True
     1      9   0.3949    0.0  0.3818  0.4079   True
     1     10  -0.0547    0.0 -0.0677 -0.0416   True
     1     11  -0.0548    0.0 -0.0679 -0.0418   True
     1     12  -0.0551    0.0 -0.0682 -0.0421   True
     1     13   0.1122    0.0  0.0992  0.1252   True
     1     14   0.1116    0.0  0.0985  0.1246   True
     1     15   0.1122    0.0  0.0991  0.1252   True
     1     16   0.2389    0.0  0.2258  0.2519   True
     1     17   0.2389    0.0  0.2259  0.2519   True
     1     18   0.2394    0.0  0.2264  0.2525   True
     2      3   0.0042 0.9996 -0.0089  0.0172  False
     2      4   0.1911    0.0  0.1781  0.2042   True
     2      5   0.1896    0.0  0.1766  0.2027   True
     2      6   0.1907    0.0  0.1777  0.2037   True
     2      7   0.3941    0.0  0.3811  0.4072   True
     2      8   0.3998    0.0  0.3868  0.4128   True
     2      9   0.3942    0.0  0.3812  0.4073   True
     2     10  -0.0553    0.0 -0.0683 -0.0423   True
     2     11  -0.0555    0.0 -0.0685 -0.0425   True
     2     12  -0.0558    0.0 -0.0688 -0.0428   True
     2     13   0.1115    0.0  0.0985  0.1246   True
     2     14   0.1109    0.0  0.0979   0.124   True
     2     15   0.1115    0.0  0.0985  0.1245   True
     2     16   0.2382    0.0  0.2252  0.2513   True
     2     17   0.2382    0.0  0.2252  0.2513   True
     2     18   0.2388    0.0  0.2257  0.2518   True
     3      4    0.187    0.0  0.1739     0.2   True
     3      5   0.1855    0.0  0.1724  0.1985   True
     3      6   0.1865    0.0  0.1735  0.1996   True
     3      7     0.39    0.0  0.3769   0.403   True
     3      8   0.3957    0.0  0.3826  0.4087   True
     3      9   0.3901    0.0   0.377  0.4031   True
     3     10  -0.0595    0.0 -0.0725 -0.0464   True
     3     11  -0.0597    0.0 -0.0727 -0.0466   True
     3     12    -0.06    0.0  -0.073 -0.0469   True
     3     13   0.1074    0.0  0.0943  0.1204   True
     3     14   0.1068    0.0  0.0937  0.1198   True
     3     15   0.1073    0.0  0.0943  0.1204   True
     3     16   0.2341    0.0   0.221  0.2471   True
     3     17   0.2341    0.0   0.221  0.2471   True
     3     18   0.2346    0.0  0.2216  0.2476   True
     4      5  -0.0015    1.0 -0.0145  0.0115  False
     4      6  -0.0004    1.0 -0.0135  0.0126  False
     4      7    0.203    0.0    0.19   0.216   True
     4      8   0.2087    0.0  0.1956  0.2217   True
     4      9   0.2031    0.0  0.1901  0.2161   True
     4     10  -0.2464    0.0 -0.2595 -0.2334   True
     4     11  -0.2466    0.0 -0.2597 -0.2336   True
     4     12  -0.2469    0.0   -0.26 -0.2339   True
     4     13  -0.0796    0.0 -0.0926 -0.0666   True
     4     14  -0.0802    0.0 -0.0932 -0.0672   True
     4     15  -0.0796    0.0 -0.0927 -0.0666   True
     4     16   0.0471    0.0  0.0341  0.0601   True
     4     17   0.0471    0.0  0.0341  0.0601   True
     4     18   0.0476    0.0  0.0346  0.0607   True
     5      6   0.0011    1.0  -0.012  0.0141  False
     5      7   0.2045    0.0  0.1915  0.2175   True
     5      8   0.2102    0.0  0.1971  0.2232   True
     5      9   0.2046    0.0  0.1916  0.2176   True
     5     10  -0.2449    0.0  -0.258 -0.2319   True
     5     11  -0.2451    0.0 -0.2582 -0.2321   True
     5     12  -0.2454    0.0 -0.2585 -0.2324   True
     5     13  -0.0781    0.0 -0.0911 -0.0651   True
     5     14  -0.0787    0.0 -0.0917 -0.0657   True
     5     15  -0.0781    0.0 -0.0912 -0.0651   True
     5     16   0.0486    0.0  0.0356  0.0616   True
     5     17   0.0486    0.0  0.0356  0.0616   True
     5     18   0.0491    0.0  0.0361  0.0622   True
     6      7   0.2034    0.0  0.1904  0.2165   True
     6      8   0.2091    0.0  0.1961  0.2222   True
     6      9   0.2035    0.0  0.1905  0.2166   True
     6     10   -0.246    0.0  -0.259  -0.233   True
     6     11  -0.2462    0.0 -0.2592 -0.2332   True
     6     12  -0.2465    0.0 -0.2595 -0.2335   True
     6     13  -0.0792    0.0 -0.0922 -0.0661   True
     6     14  -0.0798    0.0 -0.0928 -0.0667   True
     6     15  -0.0792    0.0 -0.0922 -0.0662   True
     6     16   0.0475    0.0  0.0345  0.0606   True
     6     17   0.0475    0.0  0.0345  0.0606   True
     6     18   0.0481    0.0   0.035  0.0611   True
     7      8   0.0057 0.9856 -0.0073  0.0187  False
     7      9   0.0001    1.0 -0.0129  0.0131  False
     7     10  -0.4494    0.0 -0.4625 -0.4364   True
     7     11  -0.4496    0.0 -0.4627 -0.4366   True
     7     12  -0.4499    0.0  -0.463 -0.4369   True
     7     13  -0.2826    0.0 -0.2956 -0.2696   True
     7     14  -0.2832    0.0 -0.2962 -0.2702   True
     7     15  -0.2826    0.0 -0.2957 -0.2696   True
     7     16  -0.1559    0.0 -0.1689 -0.1429   True
     7     17  -0.1559    0.0 -0.1689 -0.1429   True
     7     18  -0.1554    0.0 -0.1684 -0.1423   True
     8      9  -0.0056 0.9878 -0.0186  0.0074  False
     8     10  -0.4551    0.0 -0.4682 -0.4421   True
     8     11  -0.4553    0.0 -0.4683 -0.4423   True
     8     12  -0.4556    0.0 -0.4686 -0.4426   True
     8     13  -0.2883    0.0 -0.3013 -0.2752   True
     8     14  -0.2889    0.0 -0.3019 -0.2759   True
     8     15  -0.2883    0.0 -0.3013 -0.2753   True
     8     16  -0.1616    0.0 -0.1746 -0.1486   True
     8     17  -0.1616    0.0 -0.1746 -0.1485   True
     8     18   -0.161    0.0 -0.1741  -0.148   True
     9     10  -0.4495    0.0 -0.4626 -0.4365   True
     9     11  -0.4497    0.0 -0.4628 -0.4367   True
     9     12    -0.45    0.0 -0.4631  -0.437   True
     9     13  -0.2827    0.0 -0.2957 -0.2696   True
     9     14  -0.2833    0.0 -0.2963 -0.2703   True
     9     15  -0.2827    0.0 -0.2958 -0.2697   True
     9     16   -0.156    0.0  -0.169  -0.143   True
     9     17   -0.156    0.0  -0.169 -0.1429   True
     9     18  -0.1554    0.0 -0.1685 -0.1424   True
    10     11  -0.0002    1.0 -0.0132  0.0128  False
    10     12  -0.0005    1.0 -0.0135  0.0125  False
    10     13   0.1669    0.0  0.1538  0.1799   True
    10     14   0.1662    0.0  0.1532  0.1793   True
    10     15   0.1668    0.0  0.1538  0.1798   True
    10     16   0.2935    0.0  0.2805  0.3066   True
    10     17   0.2936    0.0  0.2805  0.3066   True
    10     18   0.2941    0.0  0.2811  0.3071   True
    11     12  -0.0003    1.0 -0.0133  0.0127  False
    11     13    0.167    0.0   0.154  0.1801   True
    11     14   0.1664    0.0  0.1534  0.1795   True
    11     15    0.167    0.0   0.154    0.18   True
    11     16   0.2937    0.0  0.2807  0.3068   True
    11     17   0.2937    0.0  0.2807  0.3068   True
    11     18   0.2943    0.0  0.2812  0.3073   True
    12     13   0.1673    0.0  0.1543  0.1804   True
    12     14   0.1667    0.0  0.1537  0.1798   True
    12     15   0.1673    0.0  0.1543  0.1803   True
    12     16    0.294    0.0   0.281  0.3071   True
    12     17    0.294    0.0   0.281  0.3071   True
    12     18   0.2946    0.0  0.2815  0.3076   True
    13     14  -0.0006    1.0 -0.0136  0.0124  False
    13     15     -0.0    1.0 -0.0131   0.013  False
    13     16   0.1267    0.0  0.1136  0.1397   True
    13     17   0.1267    0.0  0.1137  0.1397   True
    13     18   0.1272    0.0  0.1142  0.1403   True
    14     15   0.0006    1.0 -0.0125  0.0136  False
    14     16   0.1273    0.0  0.1143  0.1403   True
    14     17   0.1273    0.0  0.1143  0.1403   True
    14     18   0.1279    0.0  0.1148  0.1409   True
    15     16   0.1267    0.0  0.1137  0.1398   True
    15     17   0.1267    0.0  0.1137  0.1398   True
    15     18   0.1273    0.0  0.1142  0.1403   True
    16     17      0.0    1.0  -0.013  0.0131  False
    16     18   0.0006    1.0 -0.0125  0.0136  False
    17     18   0.0005    1.0 -0.0125  0.0136  False
----------------------------------------------------

F-value for pumadyn32nm: [1801.05225345], p-value: [5.44614425e-175]
Multiple Comparison of Means - Tukey HSD, FWER=0.05 
====================================================
group1 group2 meandiff p-adj   lower   upper  reject
----------------------------------------------------
     1      2  -0.0019    1.0 -0.0511  0.0473  False
     1      3   0.0003    1.0 -0.0489  0.0495  False
     1      4   0.8306    0.0  0.7814  0.8798   True
     1      5   0.8306    0.0  0.7814  0.8798   True
     1      6   0.8306    0.0  0.7814  0.8798   True
     1      7   0.8299    0.0  0.7807   0.879   True
     1      8   0.8299    0.0  0.7807   0.879   True
     1      9   0.8298    0.0  0.7807   0.879   True
     1     10  -0.0545 0.0146 -0.1037 -0.0053   True
     1     11  -0.0535 0.0183 -0.1027 -0.0043   True
     1     12  -0.0545 0.0146 -0.1037 -0.0053   True
     1     13   0.8307    0.0  0.7815  0.8799   True
     1     14   0.8306    0.0  0.7814  0.8798   True
     1     15   0.8306    0.0  0.7814  0.8798   True
     1     16   0.8301    0.0  0.7809  0.8793   True
     1     17   0.8301    0.0  0.7809  0.8793   True
     1     18   0.8301    0.0  0.7809  0.8793   True
     2      3   0.0022    1.0  -0.047  0.0514  False
     2      4   0.8325    0.0  0.7833  0.8817   True
     2      5   0.8325    0.0  0.7833  0.8817   True
     2      6   0.8325    0.0  0.7833  0.8817   True
     2      7   0.8318    0.0  0.7826   0.881   True
     2      8   0.8318    0.0  0.7826   0.881   True
     2      9   0.8318    0.0  0.7826   0.881   True
     2     10  -0.0525 0.0233 -0.1017 -0.0034   True
     2     11  -0.0516 0.0289 -0.1008 -0.0024   True
     2     12  -0.0525 0.0233 -0.1017 -0.0034   True
     2     13   0.8326    0.0  0.7834  0.8818   True
     2     14   0.8326    0.0  0.7834  0.8817   True
     2     15   0.8325    0.0  0.7833  0.8817   True
     2     16    0.832    0.0  0.7828  0.8812   True
     2     17    0.832    0.0  0.7828  0.8812   True
     2     18    0.832    0.0  0.7828  0.8812   True
     3      4   0.8303    0.0  0.7811  0.8795   True
     3      5   0.8303    0.0  0.7811  0.8795   True
     3      6   0.8303    0.0  0.7811  0.8795   True
     3      7   0.8295    0.0  0.7803  0.8787   True
     3      8   0.8295    0.0  0.7803  0.8787   True
     3      9   0.8295    0.0  0.7803  0.8787   True
     3     10  -0.0548 0.0135  -0.104 -0.0056   True
     3     11  -0.0539 0.0169 -0.1031 -0.0047   True
     3     12  -0.0548 0.0135  -0.104 -0.0056   True
     3     13   0.8303    0.0  0.7811  0.8795   True
     3     14   0.8303    0.0  0.7811  0.8795   True
     3     15   0.8303    0.0  0.7811  0.8795   True
     3     16   0.8298    0.0  0.7806   0.879   True
     3     17   0.8298    0.0  0.7806   0.879   True
     3     18   0.8298    0.0  0.7806   0.879   True
     4      5     -0.0    1.0 -0.0492  0.0492  False
     4      6     -0.0    1.0 -0.0492  0.0492  False
     4      7  -0.0007    1.0 -0.0499  0.0485  False
     4      8  -0.0007    1.0 -0.0499  0.0485  False
     4      9  -0.0007    1.0 -0.0499  0.0485  False
     4     10  -0.8851    0.0 -0.9342 -0.8359   True
     4     11  -0.8841    0.0 -0.9333 -0.8349   True
     4     12  -0.8851    0.0 -0.9343 -0.8359   True
     4     13   0.0001    1.0 -0.0491  0.0493  False
     4     14      0.0    1.0 -0.0492  0.0492  False
     4     15      0.0    1.0 -0.0492  0.0492  False
     4     16  -0.0005    1.0 -0.0497  0.0487  False
     4     17  -0.0005    1.0 -0.0497  0.0487  False
     4     18  -0.0005    1.0 -0.0497  0.0487  False
     5      6     -0.0    1.0 -0.0492  0.0492  False
     5      7  -0.0007    1.0 -0.0499  0.0485  False
     5      8  -0.0007    1.0 -0.0499  0.0485  False
     5      9  -0.0007    1.0 -0.0499  0.0485  False
     5     10  -0.8851    0.0 -0.9342 -0.8359   True
     5     11  -0.8841    0.0 -0.9333 -0.8349   True
     5     12  -0.8851    0.0 -0.9342 -0.8359   True
     5     13   0.0001    1.0 -0.0491  0.0493  False
     5     14      0.0    1.0 -0.0491  0.0492  False
     5     15      0.0    1.0 -0.0492  0.0492  False
     5     16  -0.0005    1.0 -0.0497  0.0487  False
     5     17  -0.0005    1.0 -0.0497  0.0487  False
     5     18  -0.0005    1.0 -0.0497  0.0487  False
     6      7  -0.0007    1.0 -0.0499  0.0485  False
     6      8  -0.0007    1.0 -0.0499  0.0485  False
     6      9  -0.0007    1.0 -0.0499  0.0485  False
     6     10   -0.885    0.0 -0.9342 -0.8359   True
     6     11  -0.8841    0.0 -0.9333 -0.8349   True
     6     12   -0.885    0.0 -0.9342 -0.8359   True
     6     13   0.0001    1.0 -0.0491  0.0493  False
     6     14   0.0001    1.0 -0.0491  0.0492  False
     6     15      0.0    1.0 -0.0492  0.0492  False
     6     16  -0.0005    1.0 -0.0497  0.0487  False
     6     17  -0.0005    1.0 -0.0497  0.0487  False
     6     18  -0.0005    1.0 -0.0497  0.0487  False
     7      8      0.0    1.0 -0.0492  0.0492  False
     7      9     -0.0    1.0 -0.0492  0.0492  False
     7     10  -0.8843    0.0 -0.9335 -0.8351   True
     7     11  -0.8834    0.0 -0.9326 -0.8342   True
     7     12  -0.8843    0.0 -0.9335 -0.8351   True
     7     13   0.0008    1.0 -0.0484    0.05  False
     7     14   0.0008    1.0 -0.0484    0.05  False
     7     15   0.0008    1.0 -0.0484    0.05  False
     7     16   0.0003    1.0 -0.0489  0.0495  False
     7     17   0.0003    1.0 -0.0489  0.0495  False
     7     18   0.0003    1.0 -0.0489  0.0495  False
     8      9     -0.0    1.0 -0.0492  0.0492  False
     8     10  -0.8843    0.0 -0.9335 -0.8351   True
     8     11  -0.8834    0.0 -0.9326 -0.8342   True
     8     12  -0.8843    0.0 -0.9335 -0.8351   True
     8     13   0.0008    1.0 -0.0484    0.05  False
     8     14   0.0008    1.0 -0.0484    0.05  False
     8     15   0.0008    1.0 -0.0484    0.05  False
     8     16   0.0003    1.0 -0.0489  0.0495  False
     8     17   0.0003    1.0 -0.0489  0.0495  False
     8     18   0.0003    1.0 -0.0489  0.0495  False
     9     10  -0.8843    0.0 -0.9335 -0.8351   True
     9     11  -0.8834    0.0 -0.9326 -0.8342   True
     9     12  -0.8843    0.0 -0.9335 -0.8351   True
     9     13   0.0008    1.0 -0.0484    0.05  False
     9     14   0.0008    1.0 -0.0484    0.05  False
     9     15   0.0008    1.0 -0.0484    0.05  False
     9     16   0.0003    1.0 -0.0489  0.0495  False
     9     17   0.0003    1.0 -0.0489  0.0495  False
     9     18   0.0003    1.0 -0.0489  0.0495  False
    10     11   0.0009    1.0 -0.0483  0.0501  False
    10     12     -0.0    1.0 -0.0492  0.0492  False
    10     13   0.8851    0.0  0.8359  0.9343   True
    10     14   0.8851    0.0  0.8359  0.9343   True
    10     15   0.8851    0.0  0.8359  0.9343   True
    10     16   0.8846    0.0  0.8354  0.9338   True
    10     17   0.8846    0.0  0.8354  0.9338   True
    10     18   0.8846    0.0  0.8354  0.9338   True
    11     12  -0.0009    1.0 -0.0501  0.0483  False
    11     13   0.8842    0.0   0.835  0.9334   True
    11     14   0.8842    0.0   0.835  0.9334   True
    11     15   0.8842    0.0   0.835  0.9334   True
    11     16   0.8837    0.0  0.8345  0.9329   True
    11     17   0.8837    0.0  0.8345  0.9329   True
    11     18   0.8837    0.0  0.8345  0.9328   True
    12     13   0.8851    0.0  0.8359  0.9343   True
    12     14   0.8851    0.0  0.8359  0.9343   True
    12     15   0.8851    0.0  0.8359  0.9343   True
    12     16   0.8846    0.0  0.8354  0.9338   True
    12     17   0.8846    0.0  0.8354  0.9338   True
    12     18   0.8846    0.0  0.8354  0.9338   True
    13     14     -0.0    1.0 -0.0492  0.0492  False
    13     15     -0.0    1.0 -0.0492  0.0492  False
    13     16  -0.0005    1.0 -0.0497  0.0487  False
    13     17  -0.0005    1.0 -0.0497  0.0487  False
    13     18  -0.0006    1.0 -0.0497  0.0486  False
    14     15     -0.0    1.0 -0.0492  0.0492  False
    14     16  -0.0005    1.0 -0.0497  0.0487  False
    14     17  -0.0005    1.0 -0.0497  0.0487  False
    14     18  -0.0005    1.0 -0.0497  0.0487  False
    15     16  -0.0005    1.0 -0.0497  0.0487  False
    15     17  -0.0005    1.0 -0.0497  0.0487  False
    15     18  -0.0005    1.0 -0.0497  0.0487  False
    16     17     -0.0    1.0 -0.0492  0.0492  False
    16     18     -0.0    1.0 -0.0492  0.0492  False
    17     18     -0.0    1.0 -0.0492  0.0492  False
----------------------------------------------------

F-value for elevators: [678.36457044], p-value: [5.65214547e-141]
Multiple Comparison of Means - Tukey HSD, FWER=0.05 
====================================================
group1 group2 meandiff p-adj   lower   upper  reject
----------------------------------------------------
     1      2  -0.0008    1.0 -0.0358  0.0342  False
     1      3  -0.0014    1.0 -0.0364  0.0336  False
     1      4   0.1945    0.0  0.1595  0.2295   True
     1      5    0.194    0.0   0.159   0.229   True
     1      6   0.1928    0.0  0.1578  0.2278   True
     1      7   0.4768    0.0  0.4417  0.5118   True
     1      8   0.4779    0.0  0.4429  0.5129   True
     1      9   0.4785    0.0  0.4435  0.5135   True
     1     10  -0.0138 0.9952 -0.0488  0.0212  False
     1     11  -0.0144 0.9924 -0.0494  0.0206  False
     1     12  -0.0138 0.9952 -0.0488  0.0212  False
     1     13   0.0875    0.0  0.0525  0.1226   True
     1     14   0.0914    0.0  0.0564  0.1264   True
     1     15    0.087    0.0   0.052  0.1221   True
     1     16   0.3213    0.0  0.2862  0.3563   True
     1     17   0.3207    0.0  0.2857  0.3557   True
     1     18   0.3217    0.0  0.2867  0.3567   True
     2      3  -0.0006    1.0 -0.0356  0.0344  False
     2      4   0.1953    0.0  0.1603  0.2303   True
     2      5   0.1948    0.0  0.1598  0.2299   True
     2      6   0.1936    0.0  0.1586  0.2286   True
     2      7   0.4776    0.0  0.4426  0.5126   True
     2      8   0.4787    0.0  0.4437  0.5137   True
     2      9   0.4793    0.0  0.4443  0.5144   True
     2     10   -0.013 0.9976  -0.048   0.022  False
     2     11  -0.0135 0.9961 -0.0486  0.0215  False
     2     12   -0.013 0.9977  -0.048  0.0221  False
     2     13   0.0884    0.0  0.0534  0.1234   True
     2     14   0.0922    0.0  0.0572  0.1272   True
     2     15   0.0879    0.0  0.0529  0.1229   True
     2     16   0.3221    0.0  0.2871  0.3571   True
     2     17   0.3215    0.0  0.2865  0.3565   True
     2     18   0.3226    0.0  0.2875  0.3576   True
     3      4   0.1959    0.0  0.1609  0.2309   True
     3      5   0.1954    0.0  0.1604  0.2304   True
     3      6   0.1942    0.0  0.1592  0.2292   True
     3      7   0.4782    0.0  0.4432  0.5132   True
     3      8   0.4793    0.0  0.4443  0.5143   True
     3      9   0.4799    0.0  0.4449  0.5149   True
     3     10  -0.0124 0.9986 -0.0474  0.0226  False
     3     11   -0.013 0.9976  -0.048   0.022  False
     3     12  -0.0124 0.9987 -0.0474  0.0226  False
     3     13    0.089    0.0  0.0539   0.124   True
     3     14   0.0928    0.0  0.0578  0.1278   True
     3     15   0.0885    0.0  0.0534  0.1235   True
     3     16   0.3227    0.0  0.2877  0.3577   True
     3     17   0.3221    0.0  0.2871  0.3571   True
     3     18   0.3231    0.0  0.2881  0.3581   True
     4      5  -0.0005    1.0 -0.0355  0.0346  False
     4      6  -0.0017    1.0 -0.0367  0.0333  False
     4      7   0.2823    0.0  0.2473  0.3173   True
     4      8   0.2834    0.0  0.2484  0.3184   True
     4      9    0.284    0.0   0.249  0.3191   True
     4     10  -0.2083    0.0 -0.2433 -0.1733   True
     4     11  -0.2089    0.0 -0.2439 -0.1738   True
     4     12  -0.2083    0.0 -0.2433 -0.1732   True
     4     13  -0.1069    0.0 -0.1419 -0.0719   True
     4     14  -0.1031    0.0 -0.1381 -0.0681   True
     4     15  -0.1074    0.0 -0.1424 -0.0724   True
     4     16   0.1268    0.0  0.0918  0.1618   True
     4     17   0.1262    0.0  0.0912  0.1612   True
     4     18   0.1273    0.0  0.0922  0.1623   True
     5      6  -0.0012    1.0 -0.0362  0.0338  False
     5      7   0.2828    0.0  0.2477  0.3178   True
     5      8   0.2839    0.0  0.2489  0.3189   True
     5      9   0.2845    0.0  0.2495  0.3195   True
     5     10  -0.2078    0.0 -0.2428 -0.1728   True
     5     11  -0.2084    0.0 -0.2434 -0.1734   True
     5     12  -0.2078    0.0 -0.2428 -0.1728   True
     5     13  -0.1065    0.0 -0.1415 -0.0714   True
     5     14  -0.1026    0.0 -0.1377 -0.0676   True
     5     15   -0.107    0.0  -0.142 -0.0719   True
     5     16   0.1273    0.0  0.0922  0.1623   True
     5     17   0.1267    0.0  0.0917  0.1617   True
     5     18   0.1277    0.0  0.0927  0.1627   True
     6      7    0.284    0.0   0.249   0.319   True
     6      8   0.2851    0.0  0.2501  0.3201   True
     6      9   0.2857    0.0  0.2507  0.3207   True
     6     10  -0.2066    0.0 -0.2416 -0.1716   True
     6     11  -0.2072    0.0 -0.2422 -0.1721   True
     6     12  -0.2066    0.0 -0.2416 -0.1716   True
     6     13  -0.1052    0.0 -0.1402 -0.0702   True
     6     14  -0.1014    0.0 -0.1364 -0.0664   True
     6     15  -0.1057    0.0 -0.1407 -0.0707   True
     6     16   0.1285    0.0  0.0935  0.1635   True
     6     17   0.1279    0.0  0.0929  0.1629   True
     6     18   0.1289    0.0  0.0939   0.164   True
     7      8   0.0011    1.0 -0.0339  0.0362  False
     7      9   0.0018    1.0 -0.0333  0.0368  False
     7     10  -0.4906    0.0 -0.5256 -0.4555   True
     7     11  -0.4911    0.0 -0.5262 -0.4561   True
     7     12  -0.4906    0.0 -0.5256 -0.4555   True
     7     13  -0.3892    0.0 -0.4242 -0.3542   True
     7     14  -0.3854    0.0 -0.4204 -0.3504   True
     7     15  -0.3897    0.0 -0.4247 -0.3547   True
     7     16  -0.1555    0.0 -0.1905 -0.1205   True
     7     17  -0.1561    0.0 -0.1911 -0.1211   True
     7     18   -0.155    0.0 -0.1901   -0.12   True
     8      9   0.0006    1.0 -0.0344  0.0356  False
     8     10  -0.4917    0.0 -0.5267 -0.4567   True
     8     11  -0.4923    0.0 -0.5273 -0.4573   True
     8     12  -0.4917    0.0 -0.5267 -0.4567   True
     8     13  -0.3904    0.0 -0.4254 -0.3553   True
     8     14  -0.3865    0.0 -0.4215 -0.3515   True
     8     15  -0.3909    0.0 -0.4259 -0.3558   True
     8     16  -0.1566    0.0 -0.1917 -0.1216   True
     8     17  -0.1572    0.0 -0.1922 -0.1222   True
     8     18  -0.1562    0.0 -0.1912 -0.1212   True
     9     10  -0.4923    0.0 -0.5273 -0.4573   True
     9     11  -0.4929    0.0 -0.5279 -0.4579   True
     9     12  -0.4923    0.0 -0.5273 -0.4573   True
     9     13   -0.391    0.0  -0.426 -0.3559   True
     9     14  -0.3871    0.0 -0.4222 -0.3521   True
     9     15  -0.3915    0.0 -0.4265 -0.3565   True
     9     16  -0.1572    0.0 -0.1923 -0.1222   True
     9     17  -0.1578    0.0 -0.1928 -0.1228   True
     9     18  -0.1568    0.0 -0.1918 -0.1218   True
    10     11  -0.0006    1.0 -0.0356  0.0344  False
    10     12      0.0    1.0  -0.035   0.035  False
    10     13   0.1013    0.0  0.0663  0.1364   True
    10     14   0.1052    0.0  0.0701  0.1402   True
    10     15   0.1008    0.0  0.0658  0.1359   True
    10     16   0.3351    0.0     0.3  0.3701   True
    10     17   0.3345    0.0  0.2995  0.3695   True
    10     18   0.3355    0.0  0.3005  0.3705   True
    11     12   0.0006    1.0 -0.0344  0.0356  False
    11     13   0.1019    0.0  0.0669  0.1369   True
    11     14   0.1057    0.0  0.0707  0.1408   True
    11     15   0.1014    0.0  0.0664  0.1364   True
    11     16   0.3356    0.0  0.3006  0.3707   True
    11     17   0.3351    0.0  0.3001  0.3701   True
    11     18   0.3361    0.0  0.3011  0.3711   True
    12     13   0.1013    0.0  0.0663  0.1364   True
    12     14   0.1052    0.0  0.0701  0.1402   True
    12     15   0.1008    0.0  0.0658  0.1359   True
    12     16   0.3351    0.0     0.3  0.3701   True
    12     17   0.3345    0.0  0.2995  0.3695   True
    12     18   0.3355    0.0  0.3005  0.3705   True
    13     14   0.0038    1.0 -0.0312  0.0388  False
    13     15  -0.0005    1.0 -0.0355  0.0345  False
    13     16   0.2337    0.0  0.1987  0.2687   True
    13     17   0.2331    0.0  0.1981  0.2682   True
    13     18   0.2342    0.0  0.1992  0.2692   True
    14     15  -0.0043    1.0 -0.0393  0.0307  False
    14     16   0.2299    0.0  0.1949  0.2649   True
    14     17   0.2293    0.0  0.1943  0.2643   True
    14     18   0.2304    0.0  0.1953  0.2654   True
    15     16   0.2342    0.0  0.1992  0.2692   True
    15     17   0.2336    0.0  0.1986  0.2687   True
    15     18   0.2347    0.0  0.1997  0.2697   True
    16     17  -0.0006    1.0 -0.0356  0.0344  False
    16     18   0.0005    1.0 -0.0346  0.0355  False
    17     18    0.001    1.0  -0.034   0.036  False
----------------------------------------------------

F-value for protein: [38.50732062], p-value: [5.23080504e-48]
Multiple Comparison of Means - Tukey HSD, FWER=0.05 
====================================================
group1 group2 meandiff p-adj   lower   upper  reject
----------------------------------------------------
     1      2   -0.001    1.0 -0.0494  0.0474  False
     1      3   0.0018    1.0 -0.0467  0.0502  False
     1      4  -0.0423 0.1688 -0.0907  0.0061  False
     1      5  -0.0402 0.2415 -0.0886  0.0082  False
     1      6  -0.0395 0.2688 -0.0879  0.0089  False
     1      7  -0.0597 0.0028 -0.1081 -0.0113   True
     1      8  -0.0588 0.0036 -0.1072 -0.0104   True
     1      9  -0.0607 0.0021 -0.1091 -0.0123   True
     1     10  -0.0611 0.0019 -0.1095 -0.0127   True
     1     11  -0.0622 0.0013 -0.1106 -0.0138   True
     1     12  -0.0656 0.0005  -0.114 -0.0171   True
     1     13  -0.1495    0.0 -0.1979 -0.1011   True
     1     14  -0.1511    0.0 -0.1996 -0.1027   True
     1     15  -0.1508    0.0 -0.1992 -0.1024   True
     1     16  -0.1648    0.0 -0.2132 -0.1164   True
     1     17  -0.1596    0.0  -0.208 -0.1112   True
     1     18  -0.1606    0.0  -0.209 -0.1122   True
     2      3   0.0027    1.0 -0.0457  0.0512  False
     2      4  -0.0413    0.2 -0.0897  0.0071  False
     2      5  -0.0392  0.281 -0.0876  0.0092  False
     2      6  -0.0385  0.311 -0.0869  0.0099  False
     2      7  -0.0587 0.0037 -0.1071 -0.0103   True
     2      8  -0.0579 0.0047 -0.1063 -0.0094   True
     2      9  -0.0597 0.0028 -0.1081 -0.0113   True
     2     10  -0.0601 0.0025 -0.1085 -0.0117   True
     2     11  -0.0613 0.0018 -0.1097 -0.0128   True
     2     12  -0.0646 0.0007  -0.113 -0.0162   True
     2     13  -0.1485    0.0 -0.1969 -0.1001   True
     2     14  -0.1502    0.0 -0.1986 -0.1018   True
     2     15  -0.1498    0.0 -0.1982 -0.1014   True
     2     16  -0.1638    0.0 -0.2122 -0.1154   True
     2     17  -0.1586    0.0  -0.207 -0.1102   True
     2     18  -0.1596    0.0  -0.208 -0.1112   True
     3      4  -0.0441 0.1222 -0.0925  0.0043  False
     3      5  -0.0419 0.1803 -0.0904  0.0065  False
     3      6  -0.0412 0.2028 -0.0897  0.0072  False
     3      7  -0.0615 0.0017 -0.1099 -0.0131   True
     3      8  -0.0606 0.0022  -0.109 -0.0122   True
     3      9  -0.0625 0.0013 -0.1109 -0.0141   True
     3     10  -0.0629 0.0011 -0.1113 -0.0145   True
     3     11   -0.064 0.0008 -0.1124 -0.0156   True
     3     12  -0.0673 0.0003 -0.1157 -0.0189   True
     3     13  -0.1512    0.0 -0.1996 -0.1028   True
     3     14  -0.1529    0.0 -0.2013 -0.1045   True
     3     15  -0.1525    0.0  -0.201 -0.1041   True
     3     16  -0.1666    0.0  -0.215 -0.1182   True
     3     17  -0.1613    0.0 -0.2098 -0.1129   True
     3     18  -0.1624    0.0 -0.2108  -0.114   True
     4      5   0.0021    1.0 -0.0463  0.0505  False
     4      6   0.0028    1.0 -0.0456  0.0512  False
     4      7  -0.0174 0.9984 -0.0658   0.031  False
     4      8  -0.0165 0.9991 -0.0649  0.0319  False
     4      9  -0.0184 0.9968 -0.0668    0.03  False
     4     10  -0.0188 0.9959 -0.0672  0.0296  False
     4     11  -0.0199 0.9922 -0.0683  0.0285  False
     4     12  -0.0232 0.9636 -0.0717  0.0252  False
     4     13  -0.1072    0.0 -0.1556 -0.0588   True
     4     14  -0.1088    0.0 -0.1572 -0.0604   True
     4     15  -0.1085    0.0 -0.1569 -0.0601   True
     4     16  -0.1225    0.0 -0.1709 -0.0741   True
     4     17  -0.1173    0.0 -0.1657 -0.0689   True
     4     18  -0.1183    0.0 -0.1667 -0.0699   True
     5      6   0.0007    1.0 -0.0477  0.0491  False
     5      7  -0.0195 0.9937 -0.0679  0.0289  False
     5      8  -0.0187 0.9963 -0.0671  0.0298  False
     5      9  -0.0205 0.9893 -0.0689  0.0279  False
     5     10  -0.0209 0.9869 -0.0693  0.0275  False
     5     11  -0.0221 0.9777 -0.0705  0.0264  False
     5     12  -0.0254 0.9223 -0.0738   0.023  False
     5     13  -0.1093    0.0 -0.1577 -0.0609   True
     5     14   -0.111    0.0 -0.1594 -0.0626   True
     5     15  -0.1106    0.0  -0.159 -0.0622   True
     5     16  -0.1246    0.0  -0.173 -0.0762   True
     5     17  -0.1194    0.0 -0.1678  -0.071   True
     5     18  -0.1204    0.0 -0.1688  -0.072   True
     6      7  -0.0202 0.9908 -0.0686  0.0282  False
     6      8  -0.0193 0.9944 -0.0678  0.0291  False
     6      9  -0.0212 0.9849 -0.0696  0.0272  False
     6     10  -0.0216 0.9818   -0.07  0.0268  False
     6     11  -0.0227 0.9701 -0.0712  0.0257  False
     6     12  -0.0261  0.904 -0.0745  0.0223  False
     6     13    -0.11    0.0 -0.1584 -0.0616   True
     6     14  -0.1117    0.0 -0.1601 -0.0632   True
     6     15  -0.1113    0.0 -0.1597 -0.0629   True
     6     16  -0.1253    0.0 -0.1737 -0.0769   True
     6     17  -0.1201    0.0 -0.1685 -0.0717   True
     6     18  -0.1211    0.0 -0.1695 -0.0727   True
     7      8   0.0009    1.0 -0.0475  0.0493  False
     7      9   -0.001    1.0 -0.0494  0.0474  False
     7     10  -0.0014    1.0 -0.0498   0.047  False
     7     11  -0.0025    1.0 -0.0509  0.0459  False
     7     12  -0.0058    1.0 -0.0543  0.0426  False
     7     13  -0.0898    0.0 -0.1382 -0.0414   True
     7     14  -0.0914    0.0 -0.1398  -0.043   True
     7     15  -0.0911    0.0 -0.1395 -0.0427   True
     7     16  -0.1051    0.0 -0.1535 -0.0567   True
     7     17  -0.0999    0.0 -0.1483 -0.0515   True
     7     18  -0.1009    0.0 -0.1493 -0.0525   True
     8      9  -0.0019    1.0 -0.0503  0.0465  False
     8     10  -0.0023    1.0 -0.0507  0.0461  False
     8     11  -0.0034    1.0 -0.0518   0.045  False
     8     12  -0.0067    1.0 -0.0551  0.0417  False
     8     13  -0.0906    0.0 -0.1391 -0.0422   True
     8     14  -0.0923    0.0 -0.1407 -0.0439   True
     8     15   -0.092    0.0 -0.1404 -0.0435   True
     8     16   -0.106    0.0 -0.1544 -0.0576   True
     8     17  -0.1008    0.0 -0.1492 -0.0523   True
     8     18  -0.1018    0.0 -0.1502 -0.0534   True
     9     10  -0.0004    1.0 -0.0488   0.048  False
     9     11  -0.0015    1.0 -0.0499  0.0469  False
     9     12  -0.0049    1.0 -0.0533  0.0436  False
     9     13  -0.0888    0.0 -0.1372 -0.0404   True
     9     14  -0.0904    0.0 -0.1389  -0.042   True
     9     15  -0.0901    0.0 -0.1385 -0.0417   True
     9     16  -0.1041    0.0 -0.1525 -0.0557   True
     9     17  -0.0989    0.0 -0.1473 -0.0505   True
     9     18  -0.0999    0.0 -0.1483 -0.0515   True
    10     11  -0.0011    1.0 -0.0495  0.0473  False
    10     12  -0.0045    1.0 -0.0529   0.044  False
    10     13  -0.0884    0.0 -0.1368   -0.04   True
    10     14    -0.09    0.0 -0.1385 -0.0416   True
    10     15  -0.0897    0.0 -0.1381 -0.0413   True
    10     16  -0.1037    0.0 -0.1521 -0.0553   True
    10     17  -0.0985    0.0 -0.1469 -0.0501   True
    10     18  -0.0995    0.0 -0.1479 -0.0511   True
    11     12  -0.0033    1.0 -0.0517  0.0451  False
    11     13  -0.0872    0.0 -0.1357 -0.0388   True
    11     14  -0.0889    0.0 -0.1373 -0.0405   True
    11     15  -0.0886    0.0  -0.137 -0.0401   True
    11     16  -0.1026    0.0  -0.151 -0.0542   True
    11     17  -0.0973    0.0 -0.1458 -0.0489   True
    11     18  -0.0984    0.0 -0.1468   -0.05   True
    12     13  -0.0839    0.0 -0.1323 -0.0355   True
    12     14  -0.0856    0.0  -0.134 -0.0372   True
    12     15  -0.0852    0.0 -0.1336 -0.0368   True
    12     16  -0.0993    0.0 -0.1477 -0.0508   True
    12     17   -0.094    0.0 -0.1424 -0.0456   True
    12     18  -0.0951    0.0 -0.1435 -0.0466   True
    13     14  -0.0017    1.0 -0.0501  0.0467  False
    13     15  -0.0013    1.0 -0.0497  0.0471  False
    13     16  -0.0153 0.9997 -0.0637  0.0331  False
    13     17  -0.0101    1.0 -0.0585  0.0383  False
    13     18  -0.0111    1.0 -0.0596  0.0373  False
    14     15   0.0004    1.0 -0.0481  0.0488  False
    14     16  -0.0137 0.9999 -0.0621  0.0347  False
    14     17  -0.0084    1.0 -0.0569    0.04  False
    14     18  -0.0095    1.0 -0.0579  0.0389  False
    15     16   -0.014 0.9999 -0.0624  0.0344  False
    15     17  -0.0088    1.0 -0.0572  0.0396  False
    15     18  -0.0098    1.0 -0.0582  0.0386  False
    16     17   0.0052    1.0 -0.0432  0.0536  False
    16     18   0.0042    1.0 -0.0442  0.0526  False
    17     18   -0.001    1.0 -0.0494  0.0474  False
----------------------------------------------------

F-value for tamielectric: [0.60143978], p-value: [0.88751125]

